                                     3.1415926535897932384626433832795028841971693993751  
                  05820974944592307816406286208998628034825342117067982148086513282306647 
             0938446095505822317253594081284811174502841027019385211055596446229489549303 
          8196442881097566593344612847564823378678316527120190914564856692346034861045432 
         66482133936072602491412737245870066063155881748815209209628292540917153643678925 
        903600113305305488204665213841469519415116094330572703657595919530921861173819326 
       1179310511854807446237996274956735188575272489122793818301194912983367336244065664 
      30860213949463952247371907021798609437027705392171762931767523846748184676694051320 
     0056812714             526356082                  7785771342757                      
    78960917                363717872                  1468440901224                      
    953430                  146549585                  3710507922796                      
   89258                    923542019                  9561121290219                      
  60864                     03441815                   9813629774771                      
  3099                      60518707                   2113499999983                      
                           729780499                  5105973173281                       
                           609631859                  5024459455346                       
                           908302642                  5223082533446                       
                          8503526193                  1188171010003                       
                          137838752                   8865875332083                       
                          814206171                   776691473035                        
                         9825349042                  8755468731159                        
                         5628638823                  5378759375195                        
                        77818577805                  3217122680661                        
                       300192787661                  1195909216420                        
                       19893809525                   7201065485863                        
                      278865936153                  3818279682303                         
                     0195203530185                  2968995773622                         
                    59941389124972                  1775283479131                         
                   515574857242454                  1506959508295                         
                  331168617278558                   89075098381754                        
                 6374649393192550                   60400927701671                   1390 
               098488240128583616                   03563707660104                   7101 
              819429555961989467                    678374494482553                 79774 
            72684710404753464620                    8046684259069491               29331  
           367702898915210475216                    20569660240580381            5019351  
          125338243003558764024                     74964732639141992726042699227967823   
         5478163600934172164121                     9924586315030286182974555706749838    
        5054945885869269956909                       27210797509302955321165344987202     
        7559602364806654991198                        818347977535663698074265425278      
         62551818417574672890                          9777727938000816470600161452       
          491921732172147723                            5014144197356854816136115         
           735255213347574                                184946843852332390739           
              414333454                                       7762416862519               
